0 193 0.498646
1 2 0.0505222
2 3 0.0926917
3 199 0.0664307
4 0 0.133728
5 225 0.172597
6 217 0.0313121
7 124 0.00336171
8 22 0.0123229
9 187 0.061745
10 184 0.0533794
10 157 0.241493
11 250 0.0449255
12 225 0.0254877
13 209 0.0211418
14 224 0.0405141
15 258 0.0222977
16 278 0.0233464
17 18 0.0253038
18 19 0.0389058
19 21 0.0456043
20 282 0.0228639
21 20 0.0157058
22 591 0.0267122
22 590 0.0241217
23 8 0.0387479
24 295 0.0328141
24 300 0.0145601
25 297 0.00982108
26 143 0.015331
27 77 0.00366527
28 81 0.004429
29 266 0.00810163
30 83 0.0165095
31 111 0.00807738
32 82 0.0513707
32 125 0.0745287
33 102 0.0770865
33 596 0.0362203
34 221 0.0458537
35 88 0.0187471
36 54 0.00946949
37 55 0.0115606
38 87 0.00740852
39 95 0.000249736
40 104 0.00472063
41 31 0.00886819
42 163 0.0424375
42 60 0.0495094
43 33 0.0205688
44 265 0.0315372
45 527 0.0125361
46 94 0.00992625
46 97 0.00457285
47 98 0.00713352
48 99 0.00781487
49 175 0.0293508
50 91 0.0189117
51 100 0.00929347
52 101 0.0438131
52 166 0.0777963
53 159 0.0681715
53 93 0.0459561
54 123 0.0100752
55 500 0.0448378
56 110 0.0592373
57 105 0.00399566
58 72 0.0081868
59 168 0.0270272
59 107 0.0496298
60 80 0.0162432
61 69 0.0345749
63 487 0.02004
65 78 0.0245836
66 174 0.0134208
67 117 0.0869713
68 118 0.0340139
69 49 0.0166395
70 26 0.0247267
71 46 0.0255884
72 29 0.00518442
73 60 0.00416703
74 236 0.0220338
75 28 0.0118395
76 86 0.0131352
77 34 0.00626478
78 36 0.0316194
79 570 0.00191453
80 169 0.0241281
81 109 0.015061
82 174 0.0885389
84 518 0.0554581
85 161 0.0530777
85 165 0.0550045
86 47 0.00962418
87 48 0.00702087
88 45 0.00694096
89 40 0.00790789
90 55 0.0235832
91 167 0.0259493
92 66 0.0150719
93 39 0.0374702
94 124 0.0275039
95 43 0.0294329
96 81 0.0207929
97 57 0.00398735
98 58 0.00770012
99 112 0.00707846
100 115 0.0107262
101 62 0.10234
102 85 0.0529989
102 597 0.034734
103 113 0.0181456
103 167 0.0455599
104 121 0.0102216
105 27 0.00428497
106 92 0.012912
107 67 0.00474917
107 108 0.0153849
108 68 0.0220302
109 114 0.00340656
110 71 0.0334457
111 58 0.00670388
112 73 0.00503557
113 598 0.00388835
114 70 0.0253292
114 74 0.0162432
115 75 0.00689548
116 76 0.0152938
117 103 0.00913017
118 51 0.0103264
118 38 0.00990191
119 61 0.00016649
120 89 0.0083341
121 122 0.144931
122 52 0.0597666
123 120 0.0402458
123 82 0.0939795
124 34 0.032418
125 116 0.0100659
125 106 0.016726
126 137 0.00770026
127 489 0.0104551
128 138 0.0108588
129 139 0.0681552
130 136 0.00556971
131 272 0.0344571
132 139 0.00448426
133 135 0.00232147
134 130 0.0058281
135 126 0.00365692
136 132 0.0315573
137 129 0.00454987
138 572 0.00635655
139 173 0.0205028
139 140 0.0167823
140 133 0.0659695
141 547 0.0323592
142 529 0.037637
143 144 0.0134086
144 44 0.0490977
145 146 0.0306585
146 172 0.0303808
147 145 0.0339378
148 344 0.0112984
149 285 0.10704
150 377 0.00782221
152 232 0.0227222
153 502 0.0360007
153 335 0.0328922
154 158 0.0233126
155 153 0.0841439
156 376 0.0451344
156 546 0.0540055
157 394 0.0416546
157 9 0.0714106
158 131 0.0162686
159 119 0.00745648
160 42 0.0457952
161 160 0.0853303
162 53 0.0626606
163 237 0.0367203
163 202 0.0858116
164 162 0.010369
165 123 0.0236184
166 8 0.0289342
167 599 0.0178802
168 50 0.0072472
169 59 0.0250722
170 517 0.00972496
171 268 0.0629215
171 63 0.132387
172 148 0.043563
173 147 0.0324681
173 117 0.0507206
174 122 0.0581262
174 201 0.0890092
175 227 0.11598
175 65 0.022793
176 340 0.109663
177 188 0.0805528
178 333 0.0453694
178 242 0.0690212
179 180 0.152392
179 356 0.0123677
180 181 0.0579597
181 182 0.0445987
182 618 0.0441655
183 312 0.0089096
184 228 0.0776563
184 499 0.0802292
185 183 0.0301066
186 313 0.0503532
187 586 0.0990559
188 284 0.0502663
188 176 0.0616979
189 343 0.0223067
190 317 0.0723431
192 198 0.0432913
193 330 0.213748
194 231 0.121434
194 261 0.104402
195 244 0.0188306
196 60 0.0404818
197 1 0.0380423
198 4 0.0433737
199 192 0.050841
200 84 0.0332937
200 568 0.00984669
201 346 0.0523537
202 501 0.010631
203 218 0.0389676
204 220 0.0679455
205 495 0.0637124
206 179 0.00799034
207 205 0.130895
208 6 0.0402051
209 14 0.0236596
209 273 0.00720238
210 206 0.0243301
211 46 0.0589585
212 216 0.0692698
213 222 0.0972447
214 227 0.0133807
215 204 0.0110048
216 223 0.0347109
217 166 0.0322813
218 207 0.0367954
219 493 0.0210559
220 219 0.0203573
221 208 0.0391491
222 215 0.0602088
223 214 0.017903
224 212 0.138572
224 226 0.0407407
225 13 0.0241731
226 275 0.0165578
227 7 0.012295
228 584 0.0661954
228 498 0.0712933
229 210 0.0669155
230 165 0.0617807
230 32 0.0473806
231 149 0.0377189
231 263 0.0337285
231 562 0.138118
232 151 0.13572
233 334 0.0165273
234 10 0.0165888
235 153 0.0652366
235 550 0.0219768
236 84 0.0381113
236 30 0.0200163
237 41 0.00896117
238 351 0.0418698
239 301 0.0408448
240 239 0.043172
241 355 0.107302
242 405 0.0184509
243 253 0.0175522
243 345 0.103895
244 196 0.022873
244 96 0.0283871
245 397 0.0871111
245 587 0.0301503
246 528 0.0892399
247 203 0.0378447
248 341 0.0158578
249 381 0.624327
250 382 0.0176923
251 384 0.0861383
252 10 0.254149
255 256 0.0238602
256 254 0.0235871
257 260 0.0447575
257 490 0.0471624
258 16 0.0248264
258 612 0.0202879
259 565 0.00243303
260 270 0.0211414
262 395 0.0102433
262 548 0.00298936
263 262 0.064343
263 583 0.0146102
264 155 0.0453784
264 156 0.0740382
265 506 0.00933496
265 200 0.0201286
266 37 0.0138592
269 613 0.0317204
269 521 0.00288647
270 524 0.00625886
271 526 0.0035793
272 171 0.0457128
273 274 0.00664244
274 553 0.00658779
275 555 0.0059373
276 15 0.0136977
276 277 0.00712381
277 556 0.00672343
278 279 0.0084863
278 17 0.0267235
279 280 0.00759778
280 281 0.00782147
281 558 0.00773907
282 12 0.0144447
282 283 0.00609491
283 560 0.00559949
284 186 0.105946
286 287 0.00407346
287 400 0.00448415
288 289 0.00498337
289 290 0.00483222
290 23 0.00863806
290 402 0.0058498
291 404 0.00536308
292 593 0.00446024
292 588 0.027511
293 401 0.0032822
294 403 0.00407873
294 25 0.0139667
295 287 0.0066717
296 197 0.0318168
297 298 0.00880337
297 24 0.0158808
298 398 0.0129747
299 300 0.0121091
300 11 0.0530702
301 302 0.0381024
302 303 0.0371885
303 305 0.0372715
304 354 0.045749
305 306 0.0379362
306 183 0.0435044
307 314 0.00266345
308 307 0.0379347
309 308 0.0372217
310 309 0.0372715
311 310 0.0376038
311 306 0.00893445
312 311 0.0438369
312 491 0.0423328
313 187 0.0968758
313 177 0.0229598
314 304 0.0383517
315 353 0.0347702
316 317 0.111398
317 389 0.16755
318 323 0.0345732
319 324 0.00707826
319 321 0.118925
320 509 0.0302977
320 318 0.00556224
321 322 0.0116223
322 380 0.0304629
323 319 0.0284966
324 327 0.00752243
325 329 0.0510513
326 325 0.0097326
327 326 0.00577284
328 317 0.040485
329 328 0.0532292
330 320 0.136885
331 233 0.0108831
332 331 0.0107113
333 332 0.0229654
334 152 0.0169712
335 336 0.0232198
336 338 0.0356667
337 335 0.0358968
338 337 0.0261434
339 234 0.0531612
340 339 0.0568923
341 342 0.00716138
341 189 0.0132118
342 385 0.0130089
343 315 0.067342
344 143 0.0288351
345 245 0.0571703
346 347 0.0413395
346 156 0.0721653
347 349 0.0237276
348 397 0.0539934
349 345 0.0582345
350 406 0.00430817
351 191 0.137975
352 238 0.00919883
353 352 0.0503409
355 313 0.0765899
356 357 0.0206696
357 358 0.024249
358 359 0.0381088
359 360 0.0632009
360 361 0.0222583
361 362 0.0112597
362 363 0.0725409
363 364 0.0332252
364 365 0.00933485
365 366 0.0206287
366 367 0.0234362
367 368 0.00955777
368 369 0.00849787
369 370 0.00972417
370 371 0.00777634
371 372 0.0137728
372 373 0.0403063
373 374 0.0182714
374 375 0.0145165
376 150 0.0182906
377 243 0.0557617
378 248 0.0146774
379 386 0.0172456
380 390 0.0411425
381 251 0.047584
382 383 0.00639653
383 252 0.0176529
384 387 0.0371052
385 388 0.0129266
386 378 0.00531684
387 379 0.0351494
388 247 0.0362952
389 249 0.0574119
390 389 0.0328295
391 581 0.11318
391 532 0.0149862
392 242 0.03003
393 257 0.0557925
394 523 0.00435594
395 566 0.0645105
396 202 0.013333
397 201 0.0372282
398 299 0.00694095
399 291 0.0053912
400 589 0.0057581
400 587 0.0207918
401 595 0.0045402
402 399 0.00585019
403 286 0.0040672
404 292 0.00466748
406 407 0.0126127
407 408 0.00759751
408 409 0.00421748
409 410 0.0130912
410 411 0.0139668
411 412 0.018754
412 413 0.0322753
413 414 0.00853279
414 415 0.00631595
415 416 0.00593647
416 419 0.0104119
417 418 0.0145269
418 421 0.0107129
419 428 0.0148759
420 417 0.0126187
421 423 0.00527947
422 420 0.0123552
423 425 0.00559766
424 422 0.00974677
425 430 0.015937
426 424 0.0116426
427 426 0.012122
428 433 0.0120208
429 427 0.0116426
430 434 0.0149858
431 429 0.00709993
432 431 0.0131765
433 436 0.0116839
434 437 0.0107458
435 432 0.0160983
436 435 0.0145957
437 438 0.0102887
438 439 0.00520509
439 440 0.00552382
440 441 0.00650539
441 442 0.00561977
442 443 0.0110106
443 444 0.0102948
444 445 0.0103149
445 446 0.00781489
446 447 0.00781489
447 448 0.00914126
448 449 0.010322
449 450 0.00856319
450 451 0.00905864
451 452 0.00974669
452 453 0.00821474
453 454 0.00966716
454 455 0.00533394
455 456 0.00843489
456 457 0.00807746
457 458 0.00856986
458 459 0.00914561
459 460 0.0120921
460 461 0.00998029
461 462 0.00850611
462 463 0.00782246
463 464 0.011546
464 465 0.0117768
465 466 0.0112443
466 467 0.00708013
467 468 0.009589
468 469 0.00722569
469 470 0.0113239
470 471 0.0066694
471 472 0.0117006
472 473 0.0130106
473 474 0.00749621
474 475 0.00881333
475 476 0.00700416
476 477 0.00908048
477 478 0.00631592
478 479 0.00652369
479 480 0.0089828
480 481 0.0137132
481 482 0.0104708
482 483 0.0142769
483 484 0.0125153
484 485 0.0131797
485 486 0.048581
486 320 0.00885792
487 507 0.0454539
487 505 0.012234
488 582 0.0224724
489 184 0.056033
490 531 0.0440865
490 492 0.0803231
491 538 0.115854
492 491 0.0637115
493 229 0.0216492
494 213 0.129396
495 494 0.065244
496 585 0.00665759
497 488 0.00957526
498 549 0.0106339
499 543 0.0673965
500 569 0.0531082
501 600 0.00757484
502 154 0.0222175
503 551 0.0414244
503 504 0.00899822
505 568 0.0445627
506 508 0.154802
508 267 0.0374942
509 588 0.0371914
509 510 0.0375901
510 513 0.00464292
511 512 0.0179767
513 514 0.0173151
513 511 0.128977
514 515 0.106436
515 516 0.0295343
516 517 0.0169791
517 211 0.0879419
518 571 0.00539124
519 195 0.00477898
520 519 0.040056
520 79 0.023862
521 522 0.0031184
522 520 0.00250752
523 393 0.00353351
524 141 0.00603462
525 63 0.073165
526 525 0.00335286
527 271 0.00179968
528 567 0.00666908
529 619 0.0109261
530 531 0.0345933
531 185 0.020838
532 164 0.0282385
533 194 0.0456094
534 166 0.0606049
535 539 0.0156867
535 178 0.00891465
536 537 0.0634685
537 540 0.0170155
537 541 0.0181784
538 535 0.0634917
539 540 0.063437
539 536 0.0176798
540 538 0.0167663
542 545 0.0561727
543 544 0.0547374
544 243 0.0724957
545 150 0.0628766
546 552 0.0670846
547 127 0.0404809
548 496 0.0520117
549 503 0.00406936
550 584 0.0731057
551 542 0.00933905
552 235 0.0226086
553 554 0.00682626
554 275 0.00670625
555 276 0.00586915
556 557 0.00564878
557 278 0.00609491
558 559 0.00807785
559 282 0.00833427
560 561 0.0067589
561 209 0.00620142
562 185 0.0122544
562 563 0.0483074
563 564 0.0123686
565 260 0.026159
566 259 0.00179961
568 506 0.0152039
569 201 0.00511668
570 396 0.0214134
571 269 0.00124861
572 573 0.1146
572 134 0.00304578
573 574 0.0652268
574 575 0.00672343
575 576 0.0126133
576 577 0.00860241
578 579 0.0382086
579 580 0.0448106
580 581 0.0457589
581 173 0.241854
582 584 0.043138
583 497 0.0392726
584 142 0.0694987
585 228 0.0588076
586 355 0.104073
586 256 0.0630392
587 592 0.0152687
588 594 0.0244145
589 288 0.00447575
591 291 0.0078704
592 288 0.00494053
593 293 0.00359189
594 293 0.00382761
595 294 0.00382761
596 49 0.0390882
597 78 0.0389423
598 64 0.0459295
599 161 0.0301223
600 601 0.0225854
601 90 0.00524412
603 602 0.0188608
605 603 0.031857
606 604 0.0200594
607 606 0.0117955
608 605 0.0408377
609 607 0.0309374
610 608 0.0294978
611 609 0.0278939
612 391 0.00925201
612 610 0.0263154
613 35 0.00464292
613 614 0.065272
614 84 0.0219074
614 615 0.0256381
617 616 0.0323268
618 234 0.0296122
618 617 0.0673689
619 533 0.0161803
619 567 0.00569601
